29940578

d1  = 2
d2  = 9
d3  = 9
d4  = 4
d5  = 0
d6  = 4
d7  = 7
d8  = 8 

940

478

Rotation(29,9i+4j) * (4i+7j+8k) / Rotation(29,9i+4j)

0.000000 + 5.818204 i + 2.909041 j + 9.310531 k
